             precision    recall  f1-score   support

      B-ART       1.00      0.67      0.80         6
      I-ART       0.83      0.71      0.77         7
      B-DAT       1.00      1.00      1.00        18
      I-DAT       0.97      1.00      0.99        36
      B-LOC       1.00      0.91      0.95        23
      I-LOC       1.00      0.80      0.89        10
      B-MNY       1.00      1.00      1.00         1
      I-MNY       1.00      1.00      1.00         1
      B-ORG       1.00      0.94      0.97        18
      I-ORG       1.00      1.00      1.00        23
      B-PNT       1.00      0.67      0.80         3
      I-PNT       1.00      0.40      0.57         5
      B-PSN       0.73      0.85      0.79        13
      I-PSN       0.91      0.91      0.91        11
      B-TIM       1.00      0.67      0.80         6
      I-TIM       1.00      1.00      1.00         6

avg / total       0.96      0.90      0.93       187

             precision    recall  f1-score   support

      B-ART       1.00      0.67      0.80         6
      I-ART       0.83      0.71      0.77         7
      B-DAT       1.00      1.00      1.00        18
      I-DAT       0.97      1.00      0.99        36
      B-LOC       1.00      0.91      0.95        23
      I-LOC       1.00      0.80      0.89        10
      B-MNY       1.00      1.00      1.00         1
      I-MNY       1.00      1.00      1.00         1
      B-ORG       1.00      0.94      0.97        18
      I-ORG       1.00      1.00      1.00        23
      B-PNT       1.00      0.67      0.80         3
      I-PNT       1.00      0.40      0.57         5
      B-PSN       0.73      0.85      0.79        13
      I-PSN       0.91      0.91      0.91        11
      B-TIM       1.00      0.67      0.80         6
      I-TIM       1.00      1.00      1.00         6

avg / total       0.96      0.90      0.93       187

             precision    recall  f1-score   support

      B-ART       0.92      0.71      0.80        17
      I-ART       0.97      0.82      0.89        45
      B-DAT       0.94      0.83      0.88        41
      I-DAT       0.98      0.90      0.94        58
      B-LOC       0.92      0.92      0.92        25
      I-LOC       1.00      0.78      0.88         9
      B-ORG       0.85      0.88      0.86        25
      I-ORG       0.85      1.00      0.92        17
      B-PNT       0.00      0.00      0.00         1
      I-PNT       0.00      0.00      0.00         1
      B-PSN       1.00      0.78      0.88        23
      I-PSN       0.88      0.83      0.86        18
      B-TIM       0.67      0.33      0.44         6
      I-TIM       1.00      0.89      0.94         9

avg / total       0.93      0.84      0.88       295

             precision    recall  f1-score   support

      B-ART       0.92      0.71      0.80        17
      I-ART       0.97      0.82      0.89        45
      B-DAT       0.94      0.83      0.88        41
      I-DAT       0.98      0.90      0.94        58
      B-LOC       0.92      0.92      0.92        25
      I-LOC       1.00      0.78      0.88         9
      B-ORG       0.85      0.88      0.86        25
      I-ORG       0.85      1.00      0.92        17
      B-PNT       0.00      0.00      0.00         1
      I-PNT       0.00      0.00      0.00         1
      B-PSN       1.00      0.78      0.88        23
      I-PSN       0.88      0.83      0.86        18
      B-TIM       0.67      0.33      0.44         6
      I-TIM       1.00      0.89      0.94         9

avg / total       0.93      0.84      0.88       295

             precision    recall  f1-score   support

      B-ART       0.83      0.91      0.87        11
      I-ART       0.96      1.00      0.98        24
      B-DAT       1.00      1.00      1.00        19
      I-DAT       0.94      1.00      0.97        31
      B-LOC       0.94      0.91      0.93        34
      I-LOC       0.90      1.00      0.95        26
      B-ORG       0.86      0.86      0.86        28
      I-ORG       0.90      0.79      0.84        33
      B-PSN       0.88      0.70      0.78        10
      I-PSN       0.80      0.67      0.73         6
      B-TIM       0.88      0.78      0.82         9
      I-TIM       0.87      1.00      0.93        20

avg / total       0.91      0.91      0.91       251

             precision    recall  f1-score   support

      B-ART       0.83      0.91      0.87        11
      I-ART       0.96      1.00      0.98        24
      B-DAT       1.00      1.00      1.00        19
      I-DAT       0.94      1.00      0.97        31
      B-LOC       0.94      0.91      0.93        34
      I-LOC       0.90      1.00      0.95        26
      B-ORG       0.86      0.86      0.86        28
      I-ORG       0.90      0.79      0.84        33
      B-PSN       0.88      0.70      0.78        10
      I-PSN       0.80      0.67      0.73         6
      B-TIM       0.88      0.78      0.82         9
      I-TIM       0.87      1.00      0.93        20

avg / total       0.91      0.91      0.91       251

             precision    recall  f1-score   support

      B-ART       1.00      0.82      0.90        11
      I-ART       0.80      0.67      0.73        12
      B-DAT       1.00      0.92      0.96        24
      I-DAT       0.96      0.98      0.97        46
      B-LOC       0.97      0.85      0.91        41
      I-LOC       0.96      0.96      0.96        27
      B-ORG       0.92      0.88      0.90        26
      I-ORG       0.96      0.85      0.90        26
      B-PNT       1.00      1.00      1.00         1
      B-PSN       1.00      0.69      0.81        16
      I-PSN       1.00      0.71      0.83        14
      B-TIM       1.00      0.71      0.83         7
      I-TIM       1.00      0.77      0.87        13

avg / total       0.96      0.86      0.91       264

             precision    recall  f1-score   support

      B-ART       1.00      0.82      0.90        11
      I-ART       0.80      0.67      0.73        12
      B-DAT       1.00      0.92      0.96        24
      I-DAT       0.96      0.98      0.97        46
      B-LOC       0.97      0.85      0.91        41
      I-LOC       0.96      0.96      0.96        27
      B-ORG       0.92      0.88      0.90        26
      I-ORG       0.96      0.85      0.90        26
      B-PNT       1.00      1.00      1.00         1
      B-PSN       1.00      0.69      0.81        16
      I-PSN       1.00      0.71      0.83        14
      B-TIM       1.00      0.71      0.83         7
      I-TIM       1.00      0.77      0.87        13

avg / total       0.96      0.86      0.91       264

             precision    recall  f1-score   support

      B-ART       0.86      0.86      0.86         7
      I-ART       0.88      1.00      0.93         7
      B-DAT       1.00      0.87      0.93        31
      I-DAT       0.91      0.97      0.94        40
      B-LOC       0.97      0.86      0.91        42
      I-LOC       1.00      0.96      0.98        24
      B-ORG       0.95      0.95      0.95        20
      I-ORG       0.88      0.95      0.91        22
      B-PSN       1.00      0.75      0.86        24
      I-PSN       1.00      0.92      0.96        13
      B-TIM       1.00      0.88      0.93         8
      I-TIM       1.00      1.00      1.00        11

avg / total       0.96      0.91      0.93       249

             precision    recall  f1-score   support

      B-ART       0.86      0.86      0.86         7
      I-ART       0.88      1.00      0.93         7
      B-DAT       1.00      0.87      0.93        31
      I-DAT       0.91      0.97      0.94        40
      B-LOC       0.97      0.86      0.91        42
      I-LOC       1.00      0.96      0.98        24
      B-ORG       0.95      0.95      0.95        20
      I-ORG       0.88      0.95      0.91        22
      B-PSN       1.00      0.75      0.86        24
      I-PSN       1.00      0.92      0.96        13
      B-TIM       1.00      0.88      0.93         8
      I-TIM       1.00      1.00      1.00        11

avg / total       0.96      0.91      0.93       249

             precision    recall  f1-score   support

      B-ART       1.00      0.83      0.91        18
      I-ART       0.94      1.00      0.97        33
      B-DAT       1.00      0.87      0.93        30
      I-DAT       0.98      0.98      0.98        43
      B-LOC       0.89      0.89      0.89        38
      I-LOC       0.83      0.77      0.80        13
      B-ORG       1.00      0.80      0.89        30
      I-ORG       0.87      0.95      0.91        21
      B-PSN       0.88      0.75      0.81        20
      I-PSN       0.94      0.76      0.84        21
      B-TIM       1.00      1.00      1.00         4
      I-TIM       1.00      1.00      1.00        10

avg / total       0.95      0.89      0.91       281

             precision    recall  f1-score   support

      B-ART       1.00      0.83      0.91        18
      I-ART       0.94      1.00      0.97        33
      B-DAT       1.00      0.87      0.93        30
      I-DAT       0.98      0.98      0.98        43
      B-LOC       0.89      0.89      0.89        38
      I-LOC       0.83      0.77      0.80        13
      B-ORG       1.00      0.80      0.89        30
      I-ORG       0.87      0.95      0.91        21
      B-PSN       0.88      0.75      0.81        20
      I-PSN       0.94      0.76      0.84        21
      B-TIM       1.00      1.00      1.00         4
      I-TIM       1.00      1.00      1.00        10

avg / total       0.95      0.89      0.91       281

             precision    recall  f1-score   support

      B-ART       1.00      0.52      0.69        21
      I-ART       0.80      1.00      0.89        16
      B-DAT       1.00      0.91      0.95        33
      I-DAT       0.98      0.98      0.98        49
      B-LOC       0.89      0.92      0.91        37
      I-LOC       0.92      0.67      0.77        18
      B-MNY       1.00      0.50      0.67         2
      I-MNY       1.00      0.50      0.67         6
      B-ORG       0.92      0.77      0.84        31
      I-ORG       0.74      1.00      0.85        25
      B-PNT       1.00      1.00      1.00         4
      I-PNT       0.80      1.00      0.89         4
      B-PSN       1.00      0.78      0.88        18
      I-PSN       0.90      0.90      0.90        10
      B-TIM       1.00      1.00      1.00         4
      I-TIM       1.00      1.00      1.00         6

avg / total       0.93      0.86      0.88       284

             precision    recall  f1-score   support

      B-ART       1.00      0.52      0.69        21
      I-ART       0.80      1.00      0.89        16
      B-DAT       1.00      0.91      0.95        33
      I-DAT       0.98      0.98      0.98        49
      B-LOC       0.89      0.92      0.91        37
      I-LOC       0.92      0.67      0.77        18
      B-MNY       1.00      0.50      0.67         2
      I-MNY       1.00      0.50      0.67         6
      B-ORG       0.92      0.77      0.84        31
      I-ORG       0.74      1.00      0.85        25
      B-PNT       1.00      1.00      1.00         4
      I-PNT       0.80      1.00      0.89         4
      B-PSN       1.00      0.78      0.88        18
      I-PSN       0.90      0.90      0.90        10
      B-TIM       1.00      1.00      1.00         4
      I-TIM       1.00      1.00      1.00         6

avg / total       0.93      0.86      0.88       284

             precision    recall  f1-score   support

      B-ART       0.89      0.80      0.84        10
      I-ART       1.00      1.00      1.00        11
      B-DAT       1.00      0.92      0.96        26
      I-DAT       1.00      0.90      0.95        41
      B-LOC       1.00      0.91      0.95        75
      I-LOC       0.53      0.95      0.68        19
      B-MNY       1.00      1.00      1.00         2
      I-MNY       1.00      1.00      1.00         7
      B-ORG       0.93      0.86      0.89        29
      I-ORG       0.96      0.92      0.94        25
      B-PSN       0.83      0.67      0.74        15
      I-PSN       0.78      0.78      0.78         9
      B-TIM       1.00      1.00      1.00         3
      I-TIM       1.00      1.00      1.00         6

avg / total       0.94      0.90      0.91       278

             precision    recall  f1-score   support

      B-ART       0.89      0.80      0.84        10
      I-ART       1.00      1.00      1.00        11
      B-DAT       1.00      0.92      0.96        26
      I-DAT       1.00      0.90      0.95        41
      B-LOC       1.00      0.91      0.95        75
      I-LOC       0.53      0.95      0.68        19
      B-MNY       1.00      1.00      1.00         2
      I-MNY       1.00      1.00      1.00         7
      B-ORG       0.93      0.86      0.89        29
      I-ORG       0.96      0.92      0.94        25
      B-PSN       0.83      0.67      0.74        15
      I-PSN       0.78      0.78      0.78         9
      B-TIM       1.00      1.00      1.00         3
      I-TIM       1.00      1.00      1.00         6

avg / total       0.94      0.90      0.91       278

             precision    recall  f1-score   support

      B-ART       0.75      0.86      0.80         7
      I-ART       0.94      1.00      0.97        15
      B-DAT       0.91      1.00      0.95        20
      I-DAT       1.00      1.00      1.00        33
      B-LOC       0.89      0.78      0.83        41
      I-LOC       1.00      0.89      0.94        19
      B-MNY       1.00      0.25      0.40         4
      I-MNY       0.67      1.00      0.80         8
      B-ORG       0.86      0.86      0.86        21
      I-ORG       0.92      0.75      0.83        16
      B-PNT       1.00      0.50      0.67         2
      I-PNT       1.00      0.25      0.40         4
      B-PSN       0.70      0.70      0.70        10
      I-PSN       1.00      0.57      0.73         7
      B-TIM       1.00      0.67      0.80         6
      I-TIM       0.93      1.00      0.96        13

avg / total       0.91      0.85      0.87       226

             precision    recall  f1-score   support

      B-ART       0.75      0.86      0.80         7
      I-ART       0.94      1.00      0.97        15
      B-DAT       0.91      1.00      0.95        20
      I-DAT       1.00      1.00      1.00        33
      B-LOC       0.89      0.78      0.83        41
      I-LOC       1.00      0.89      0.94        19
      B-MNY       1.00      0.25      0.40         4
      I-MNY       0.67      1.00      0.80         8
      B-ORG       0.86      0.86      0.86        21
      I-ORG       0.92      0.75      0.83        16
      B-PNT       1.00      0.50      0.67         2
      I-PNT       1.00      0.25      0.40         4
      B-PSN       0.70      0.70      0.70        10
      I-PSN       1.00      0.57      0.73         7
      B-TIM       1.00      0.67      0.80         6
      I-TIM       0.93      1.00      0.96        13

avg / total       0.91      0.85      0.87       226

             precision    recall  f1-score   support

      B-ART       1.00      0.83      0.91        12
      I-ART       0.88      1.00      0.94        15
      B-DAT       1.00      0.90      0.95        30
      I-DAT       0.98      1.00      0.99        51
      B-LOC       0.90      0.90      0.90        42
      I-LOC       0.75      0.83      0.79        18
      B-ORG       0.72      0.78      0.75        23
      I-ORG       0.83      1.00      0.91        10
      B-PNT       1.00      1.00      1.00         2
      I-PNT       1.00      1.00      1.00         2
      B-PSN       0.90      0.69      0.78        13
      I-PSN       0.91      0.56      0.69        18
      B-TIM       1.00      0.75      0.86         4
      I-TIM       1.00      0.86      0.92         7

avg / total       0.91      0.87      0.89       247

             precision    recall  f1-score   support

      B-ART       1.00      0.83      0.91        12
      I-ART       0.88      1.00      0.94        15
      B-DAT       1.00      0.90      0.95        30
      I-DAT       0.98      1.00      0.99        51
      B-LOC       0.90      0.90      0.90        42
      I-LOC       0.75      0.83      0.79        18
      B-ORG       0.72      0.78      0.75        23
      I-ORG       0.83      1.00      0.91        10
      B-PNT       1.00      1.00      1.00         2
      I-PNT       1.00      1.00      1.00         2
      B-PSN       0.90      0.69      0.78        13
      I-PSN       0.91      0.56      0.69        18
      B-TIM       1.00      0.75      0.86         4
      I-TIM       1.00      0.86      0.92         7

avg / total       0.91      0.87      0.89       247

